      0.00000000      2.00000000
      0.18776906      1.98171222
      0.37302011      1.94678235
      0.55425543      1.89680767
      0.73015267      1.83388519
      0.89960325      1.76042116
      1.06173229      1.67893505
      1.21590054      1.59188402
      1.36169183      1.50152361
      1.49888909      1.40981364
      1.62744415      1.31836784
      1.74744368      1.22844100
      1.85907650      1.14094365
      1.96260202      1.05647552
      2.05832338      0.97536892
      2.14656401      0.89773488
      2.22764945      0.82350856
      2.30189252      0.75249064
      2.36958218      0.68438303
      2.43097568      0.61881864
      2.48629379      0.55538583
      2.53571677      0.49364719
      2.57938313      0.43315423
      2.61738920      0.37345806
      2.64978933      0.31411704
      2.67659640      0.25470209
      2.69778419      0.19479991
      2.71328759      0.13401505
      2.72300577      0.07197066
      2.72680283      0.00830895
      2.72451043     -0.05730887
      2.71592879     -0.12520245
      2.70082927     -0.19567171
      2.67895579     -0.26899534
      2.65002704     -0.34542811
      2.61373925     -0.42519587
      2.56976867     -0.50848842
      2.51777601     -0.59544855
      2.45741129     -0.68615741
      2.38832045     -0.78061450
      2.31015444     -0.87871248
      2.22258019     -0.98020560
      2.12529612     -1.08467293
      2.01805019     -1.19147682
      1.90066230     -1.29971969
      1.77305067     -1.40820420
      1.63526189     -1.51540279
      1.48750257     -1.61944664
      1.33017099     -1.71814370
      1.16388500     -1.80903745
      0.98950273     -1.88951206
      0.80813032     -1.95694613
      0.62111384     -2.00890565
      0.43001151     -2.04335546
      0.23654670     -2.05886006
      0.04254334     -2.05473924
     -0.15014961     -2.03114867
     -0.33973721     -1.98906898
     -0.52455211     -1.93020403
     -0.70311499     -1.85680687
     -0.87417650     -1.77146602
     -1.03673828     -1.67688501
     -1.19005430     -1.57568634
     -1.33361578     -1.47025907
     -1.46712387     -1.36265826
     -1.59045553     -1.25455391
     -1.70362639     -1.14722204
     -1.80675483     -1.04156578
     -1.90002787     -0.93815577
     -1.98367286     -0.83728027
     -2.05793309     -0.73899746
     -2.12304831     -0.64318579
     -2.17924023     -0.54958850
     -2.22670174     -0.45785248
     -2.26558876     -0.36756003
     -2.29601622     -0.27825481
     -2.31805468     -0.18946242
     -2.33173013     -0.10070690
     -2.33702397     -0.01152398
     -2.33387494      0.07852757
     -2.32218170      0.16985571
     -2.30180621      0.26282486
     -2.27257895      0.35774449
     -2.23430395      0.45485592
     -2.18676662      0.55431628
     -2.12974215      0.65617895
     -2.06300640      0.76036996
     -1.98634946      0.86666059
     -1.89959145      0.97463655
     -1.80260134      1.08366537
     -1.69531953      1.19286537
     -1.57778203      1.30107999
     -1.45014763      1.40686440
     -1.31272459      1.50849116
     -1.16599619      1.60398364
     -1.01064122      1.69118309
     -0.84754658      1.76785254
     -0.67780834      1.83181655
     -0.50271833      1.88112414
     -0.32373494      1.91421854
     -0.14243871      1.93008888
      0.03952490      1.92837942
      0.22050977      1.90943527
      0.39893466      1.87427652
      0.57334274      1.82450318
      0.74244970      1.76214886
      0.90517652      1.68950546
      1.06066537      1.60894680
      1.20827961      1.52277112
      1.34759080      1.43307829
      1.47835553      1.34168744
      1.60048687      1.25009298
      1.71402287      1.15945458
      1.81909561      1.07061124
      1.91590226      0.98411226
      2.00467968      0.90025687
      2.08568287      0.81913668
      2.15916705      0.74067742
      2.22537446      0.66467679
      2.28452349      0.59083772
      2.33680105      0.51879621
      2.38235784      0.44814396
      2.42130423      0.37844643
      2.45370913      0.30925679
      2.47959948      0.24012652
      2.49895978      0.17061336
      2.51173377      0.10028728
      2.51782489      0.02873499
      2.51709914     -0.04443635
      2.50938630     -0.11959559
      2.49448276     -0.19708377
      2.47215414     -0.27720934
      2.44213867     -0.36024186
      2.40415168     -0.44640338
      2.35789013     -0.53585690
      2.30303884     -0.62869108
      2.23927855     -0.72490066
      2.16629601     -0.82436210
      2.08379602     -0.92680413
      1.99151766     -1.03177428
      1.88925242     -1.13860238
      1.77686644     -1.24636447
      1.65432644     -1.35385144
      1.52172720     -1.45954907
      1.37932086     -1.56163800
      1.22754431     -1.65802217
      1.06704259     -1.74639416
      0.89868426     -1.82434201
      0.72356445     -1.88949633
      0.54299265     -1.93970704
      0.35846341     -1.97323024
      0.17160951     -1.98889911
     -0.01585859     -1.98624957
     -0.20222239     -1.96557736
     -0.38582647     -1.92791498
     -0.56514370     -1.87493062
     -0.73882812     -1.80876875
     -0.90575075     -1.73185825
     -1.06501722     -1.64671779
     -1.21596801     -1.55578351
     -1.35816360     -1.46127510
     -1.49136007     -1.36510706
     -1.61547756     -1.26884305
     -1.73056650     -1.17368698
     -1.83677459     -1.08050060
     -1.93431568     -0.98983836
     -2.02344346     -0.90199184
     -2.10442829     -0.81703627
     -2.17753911     -0.73487532
     -2.24302959     -0.65528226
     -2.30112743     -0.57793468
     -2.35202622     -0.50244409
     -2.39588070     -0.42837930
     -2.43280411     -0.35528514
     -2.46286607     -0.28269672
     -2.48609233     -0.21015009
     -2.50246525     -0.13719034
     -2.51192522     -0.06337760
     -2.51437163      0.01170821
     -2.50966573      0.08846340
     -2.49763250      0.16725631
     -2.47806382      0.24842305
     -2.45072174      0.33226109
     -2.41534209      0.41902149
     -2.37163997      0.50889808
     -2.31931520      0.60201335
     -2.25806022      0.69839984
     -2.18756962      0.79797703
     -2.10755157      0.90052313
     -2.01774383      1.00564241
     -1.91793036      1.11272895
     -1.80796397      1.22092998
     -1.68779063      1.32911265
     -1.55747736      1.43584037
     -1.41724122      1.53936684
     -1.26747775      1.63765669
     -1.10878575      1.72844183
     -0.94198537      1.80931807
     -0.76812428      1.87788415
     -0.58846974      1.93191338
     -0.40448326      1.96954179
     -0.21777771      1.98944652
     -0.03005952      1.99098563
      0.15693974      1.97427392
      0.34153521      1.94017863
      0.52215612      1.89023614
      0.69740254      1.82650268
      0.86608529      1.75136662
      1.02724838      1.66735065
      1.18017256      1.57693195
      1.32436407      1.48239720
      1.45953166      1.38574302
      1.58555627      1.28862059
      1.70245719      1.19231880
      1.81035876      1.09777713
      1.90945840      1.00561726
      1.99999905      0.91618657
      2.08224511      0.82960439
      2.15646338      0.74580836
      2.22290778      0.66459620
      2.28180838      0.58566248
      2.33336234      0.50862938
      2.37772918      0.43307164
      2.41502666      0.35853624
      2.44532919      0.28455782
      2.46866727      0.21067016
      2.48502779      0.13641500
      2.49435520      0.06134861
      2.49655294     -0.01495294
      2.49148536     -0.09288926
      2.47898078     -0.17283116
      2.45883393     -0.25511542
      2.43080974     -0.34003854
      2.39464736     -0.42784786
      2.35006571     -0.51873040
      2.29676890     -0.61279762
      2.23445535     -0.71006662
      2.16282701     -0.81043565
      2.08160210     -0.91365576
      1.99053061     -1.01929724
      1.88941300     -1.12671399
      1.77812207     -1.23500705
      1.65662873     -1.34299386
      1.52502954     -1.44918740
      1.38357556     -1.55179536
      1.23270035     -1.64874709
      1.07304335     -1.73775673
      0.90546572     -1.81642783
      0.73105407     -1.88239789
      0.55110931     -1.93351328
      0.36711818     -1.96801531
      0.18070759     -1.98471189
     -0.00641505     -1.98310530
     -0.19253092     -1.96345329
     -0.37598062     -1.92674983
     -0.55522960     -1.87462878
     -0.72892153     -1.80920768
     -0.89591497     -1.73289752
     -1.05530190     -1.64820886
     -1.20640862     -1.55757868
     -1.34878218     -1.46323454
     -1.48216605     -1.36710358
     -1.60646904     -1.27076519
     -1.72173190     -1.17543972
     -1.82809401     -1.08200502
     -1.92576265     -0.99103063
     -2.01498604     -0.90282106
     -2.09603024     -0.81746244
     -2.16916108     -0.73486739
     -2.23462939     -0.65481603
     -2.29266095     -0.57699120
     -2.34344769     -0.50100803
     -2.38714314     -0.42643797
     -2.42385936     -0.35282734
     -2.45366502     -0.27971205
     -2.47658491     -0.20662853
     -2.49260044     -0.13312194
     -2.50165081     -0.05875240
     -2.50363469      0.01690010
     -2.49841237      0.09423138
     -2.48580813      0.17360881
     -2.46561313      0.25536633
     -2.43758869      0.33979797
     -2.40147090      0.42714995
     -2.35697508      0.51760894
     -2.30380249      0.61128747
     -2.24164820      0.70820493
     -2.17021012      0.80826360
     -2.08920264      0.91122013
     -1.99837101      1.01665235
     -1.89751005      1.12392330
     -1.78648615      1.23214483
     -1.66526270      1.34014583
     -1.53392744      1.44645083
     -1.39272201      1.54927754
     -1.24206924      1.64656258
     -1.08259785      1.73602247
     -0.91515797      1.81525636
     -0.74082619      1.88188934
     -0.56089491      1.93374658
     -0.37684470      1.96904063
     -0.19029944      1.98654425
     -0.00296681      1.98572230
      0.18343049      1.96679592
      0.36722594      1.93072760
      0.54687536      1.87912786
      0.72101086      1.81410027
      0.88847876      1.73805201
      1.04835880      1.65349853
      1.19996583      1.56288862
      1.34283698      1.46846616
      1.47670698      1.37217689
      1.60147822      1.27561879
      1.71718633      1.18002999
      1.82396746      1.08630395
      1.92202687      0.99502337
      2.01161194      0.90650338
      2.09298873      0.82083821
      2.16642356      0.73794657
      2.23216867      0.65761274
      2.29045105      0.57952225
      2.34146452      0.50329179
      2.38536429      0.42849332
      2.42226434      0.35467324
      2.45223475      0.28136697
      2.47530222      0.20811012
      2.49144983      0.13444683
      2.50061822      0.05993614
      2.50270748     -0.01584312
      2.49757934     -0.09328788
      2.48505926     -0.17276663
      2.46493912     -0.25461429
      2.43698168     -0.33912608
      2.40092373     -0.42654881
      2.35648155     -0.51707006
      2.30335712     -0.61080313
      2.24124599     -0.70776802
      2.16984725     -0.80786771
      2.08887553     -0.91085935
      1.99807644     -1.01632130
      1.89724541     -1.12361705
      1.78624940     -1.23185885
      1.66505206     -1.33987629
      1.53374159     -1.44619417
      1.39255977     -1.54903114
      1.24192989     -1.64632416
      1.08248067     -1.73579037
      0.91506243     -1.81502962
      0.74075180     -1.88166773
      0.56084114     -1.93353057
      0.37681103     -1.96883094
      0.19028516     -1.98634219
      0.00297117     -1.98552907
     -0.18340838     -1.96661282
     -0.36718708     -1.93055558
     -0.54682082     -1.87896752
     -0.72094178     -1.81395173
     -0.88839620     -1.73791504
     -1.04826379     -1.65337253
     -1.19985950     -1.56277251
     -1.34272003     -1.46835852
     -1.47658026     -1.37207592
     -1.60134220     -1.27552295
     -1.71704149     -1.17993736
     -1.82381403     -1.08621299
     -1.92186487     -0.99493229
     -2.01144123     -0.90641063
     -2.09280896     -0.82074231
     -2.16623449     -0.73784614
     -2.23196983     -0.65750647
     -2.29024196     -0.57940894
     -2.34124422     -0.50317031
     -2.38513207     -0.42836270
     -2.42201924     -0.35453242
     -2.45197582     -0.28121504
     -2.47502851     -0.20794609
     -2.49115992     -0.13426991
     -2.50031090     -0.05974542
     -2.50238156      0.01604836
     -2.49723339      0.09350844
     -2.48469162      0.17300309
     -2.46454859      0.25486729
     -2.43656659      0.33939594
     -2.40048242      0.42683589
     -2.35601234      0.51737428
     -2.30285859      0.61112410
     -2.24071646      0.70810479
     -2.16928530      0.80821878
     -2.08827972      0.91122246
     -1.99744594      1.01669335
     -1.89657962      1.12399387
     -1.78554809      1.23223519
     -1.66431558      1.34024537
     -1.53297102      1.44654822
     -1.39175689      1.54936099
     -1.24109745      1.64661992
     -1.08162236      1.73604155
     -0.91418296      1.81522596
     -0.73985678      1.88179982
     -0.55993700      1.93359065
     -0.37590480      1.96881402
     -0.18938427      1.98624623
     -0.00208299      1.98535562
      0.18427676      1.96636689
      0.36802924      1.93024540
      0.54763108      1.87860346
      0.72171563      1.81354582
      0.88913035      1.73747981
      1.04895604      1.65292025
      1.20050871      1.56231427
      1.34332621      1.46790421
      1.47714412      1.37163401
      1.60186529      1.27509975
      1.71752572      1.17953789
      1.82426178      1.08584034
      1.92227888      0.99458867
      2.01182413      0.90609688
      2.09316373      0.82045877
      2.16656399      0.73759228
      2.23227692      0.65728158
      2.29052901      0.57921171
      2.34151411      0.50299960
      2.38538718      0.42821693
      2.42226171      0.35441035
      2.45220804      0.28111511
      2.47525215      0.20786719
      2.49137712      0.13421059
      2.50052357      0.05970470
      2.50259137     -0.01607172
      2.49744177     -0.09351523
      2.48490024     -0.17299441
      2.46475863     -0.25484380
      2.43677950     -0.33935863
      2.40069962     -0.42678538
      2.35623503     -0.51731157
      2.30308771     -0.61104989
      2.24095321     -0.70802021
      2.16953039     -0.80812490
      2.08853412     -0.91112083
      1.99771023     -1.01658559
      1.89685428     -1.12388206
      1.78583336     -1.23212171
      1.66461146     -1.34013307
      1.53327727     -1.44644034
      1.39207292     -1.54926121
      1.24142241     -1.64653206
      1.08195484     -1.73596978
      0.91452128     -1.81517422
      0.74019891     -1.88177168
      0.56028056     -1.93358898
      0.37624723     -1.96884048
      0.18972284     -1.98630154
      0.00241500     -1.98543906
     -0.18395387     -1.96647656
     -0.36771777     -1.93037808
     -0.54733306     -1.87875521
     -0.72143269     -1.81371212
     -0.88886356     -1.73765600
     -1.04870617     -1.65310168
     -1.20027602     -1.56249702
     -1.34311068     -1.46808457
     -1.47694540     -1.37180901
     -1.60168266     -1.27526736
     -1.71735847     -1.17969632
     -1.82410908     -1.08598864
     -1.92213964     -0.99472606
     -2.01169753     -0.90622336
     -2.09304857     -0.82057416
     -2.16645932     -0.73769712
     -2.23218155     -0.65737605
     -2.29044223     -0.57929665
     -2.34143472     -0.50307536
     -2.38531446     -0.42828438
     -2.42219496     -0.35446987
     -2.45214653     -0.28116754
     -2.47519541     -0.20791285
     -2.49132442     -0.13425031
     -2.50047421     -0.05973875
     -2.50254488      0.01604262
     -2.49739790      0.09349091
     -2.48485827      0.17297418
     -2.46471834      0.25482756
     -2.43674064      0.33934581
     -2.40066171      0.42677590
     -2.35619783      0.51730490
     -2.30305099      0.61104596
     -2.24091673      0.70801854
     -2.16949391      0.80812538
     -2.08849764      0.91112298
     -1.99767351      1.01658916
     -1.89681721      1.12388659
     -1.78579581      1.23212695
     -1.66457343      1.34013855
     -1.53323865      1.44644570
     -1.39203393      1.54926586
     -1.24138296      1.64653563
     -1.08191514      1.73597169
     -0.91448152      1.81517410
     -0.74015927      1.88176906
     -0.56024134      1.93358362
     -0.37620860      1.96883225
     -0.18968512      1.98629034
     -0.00237848      1.98542500
      0.18398893      1.96645975
      0.36775112      1.93035901
      0.54736453      1.87873435
      0.72146213      1.81368995
      0.88889086      1.73763299
      1.04873133      1.65307844
      1.20029902      1.56247377
      1.34313142      1.46806192
      1.47696400      1.37178707
      1.60169923      1.27524626
      1.71737313      1.17967629
      1.82412183      1.08596969
      1.92215073      0.99470830
      2.01170683      0.90620667
      2.09305644      0.82055867
      2.16646576      0.73768258
      2.23218679      0.65736258
      2.29044628      0.57928395
      2.34143782      0.50306350
      2.38531661      0.42827308
      2.42219615      0.35445923
      2.45214677      0.28115731
      2.47519469      0.20790312
      2.49132276      0.13424081
      2.50047183      0.05972957
      2.50254154     -0.01605171
      2.49739361     -0.09349981
      2.48485327     -0.17298314
      2.46471262     -0.25483647
      2.43673396     -0.33935487
      2.40065408     -0.42678499
      2.35618925     -0.51731420
      2.30304146     -0.61105537
      2.24090624     -0.70802820
      2.16948247     -0.80813515
      2.08848524     -0.91113293
      1.99766016     -1.01659918
      1.89680290     -1.12389672
      1.78578055     -1.23213696
      1.66455722     -1.34014833
      1.53322160     -1.44645500
      1.39201593     -1.54927468
      1.24136424     -1.64654362
      1.08189571     -1.73597860
      0.91446149     -1.81517971
      0.74013877     -1.88177311
      0.56022054     -1.93358588
      0.37618768     -1.96883261
      0.18966424     -1.98628879
      0.00235784     -1.98542166
     -0.18400915     -1.96645474
     -0.36777079     -1.93035245
     -0.54738355     -1.87872648
     -0.72148031     -1.81368101
     -0.88890821     -1.73762333
     -1.04874766     -1.65306830
     -1.20031440     -1.56246352
     -1.34314585     -1.46805167
     -1.47697747     -1.37177718
     -1.60171175     -1.27523673
     -1.71738482     -1.17966723
     -1.82413268     -1.08596122
     -1.92216074     -0.99470049
     -2.01171613     -0.90619957
     -2.09306502     -0.82055217
     -2.16647363     -0.73767680
     -2.23219419     -0.65735734
     -2.29045320     -0.57927936
     -2.34144425     -0.50305945
     -2.38532257     -0.42826962
     -2.42220187     -0.35445625
     -2.45215201     -0.28115487
     -2.47519970     -0.20790106
     -2.49132752     -0.13423920
     -2.50047636     -0.05972828
     -2.50254607      0.01605262
     -2.49739814      0.09350045
     -2.48485780      0.17298344
     -2.46471715      0.25483653
     -2.43673849      0.33935460
     -2.40065861      0.42678452
     -2.35619402      0.51731342
     -2.30304646      0.61105442
     -2.24091148      0.70802701
     -2.16948795      0.80813378
     -2.08849072      0.91113138
     -1.99766576      1.01659751
     -1.89680862      1.12389493
     -1.78578651      1.23213518
     -1.66456342      1.34014654
     -1.53322792      1.44645333
     -1.39202249      1.54927313
     -1.24137092      1.64654231
     -1.08190250      1.73597765
     -0.91446835      1.81517911
     -0.74014568      1.88177299
     -0.56022739      1.93358636
     -0.37619448      1.96883368
     -0.18967092      1.98629045
     -0.00236434      1.98542380
      0.18400289      1.96645737
      0.36776480      1.93035543
      0.54737782      1.87872982
      0.72147489      1.81368470
      0.88890308      1.73762715
      1.04874289      1.65307212
      1.20030999      1.56246734
      1.34314179      1.46805537
      1.47697377      1.37178063
      1.60170841      1.27523994
      1.71738172      1.17967021
      1.82412982      1.08596396
      1.92215812      0.99470311
      2.01171374      0.90620190
      2.09306288      0.82055444
      2.16647172      0.73767877
      2.23219228      0.65735930
      2.29045129      0.57928103
      2.34144258      0.50306106
      2.38532114      0.42827097
      2.42220044      0.35445756
      2.45215082      0.28115591
      2.47519851      0.20790213
      2.49132657      0.13424003
      2.50047541      0.05972916
      2.50254512     -0.01605195
      2.49739718     -0.09349973
      2.48485684     -0.17298290
      2.46471620     -0.25483590
      2.43673754     -0.33935416
      2.40065789     -0.42678401
      2.35619330     -0.51731306
      2.30304575     -0.61105394
      2.24091077     -0.70802665
      2.16948724     -0.80813336
      2.08849001     -0.91113108
      1.99766517     -1.01659715
      1.89680815     -1.12389469
      1.78578603     -1.23213482
      1.66456294     -1.34014630
      1.53322744     -1.44645309
      1.39202201     -1.54927289
      1.24137044     -1.64654207
      1.08190203     -1.73597741
      0.91446787     -1.81517887
      0.74014521     -1.88177276
      0.56022698     -1.93358600
      0.37619412     -1.96883333
      0.18967061     -1.98629010
      0.00236407     -1.98542345
     -0.18400313     -1.96645701
     -0.36776501     -1.93035507
     -0.54737800     -1.87872946
     -0.72147506     -1.81368423
     -0.88890326     -1.73762679
     -1.04874313     -1.65307176
     -1.20031023     -1.56246710
     -1.34314203     -1.46805513
     -1.47697401     -1.37178051
     -1.60170865     -1.27523983
     -1.71738195     -1.17967021
     -1.82413006     -1.08596385
     -1.92215836     -0.99470294
     -2.01171398     -0.90620184
     -2.09306312     -0.82055432
     -2.16647196     -0.73767877
     -2.23219252     -0.65735918
     -2.29045153     -0.57928109
     -2.34144282     -0.50306106
     -2.38532138     -0.42827114
     -2.42220068     -0.35445765
     -2.45215106     -0.28115618
     -2.47519875     -0.20790231
     -2.49132681     -0.13424039
     -2.50047565     -0.05972942
     -2.50254536      0.01605152
     -2.49739742      0.09349941
     -2.48485708      0.17298269
     -2.46471643      0.25483599
     -2.43673778      0.33935428
     -2.40065813      0.42678410
     -2.35619354      0.51731324
     -2.30304599      0.61105436
     -2.24091101      0.70802712
     -2.16948748      0.80813384
     -2.08849025      0.91113156
     -1.99766529      1.01659787
     -1.89680815      1.12389541
     -1.78578591      1.23213553
     -1.66456270      1.34014702
     -1.53322721      1.44645393
     -1.39202166      1.54927373
     -1.24136996      1.64654279
     -1.08190155      1.73597813
     -0.91446733      1.81517959
     -0.74014461      1.88177335
     -0.56022632      1.93358660
     -0.37619340      1.96883380
     -0.18966985      1.98629045
     -0.00236326      1.98542368
      0.18400395      1.96645725
      0.36776584      1.93035519
      0.54737884      1.87872934
      0.72147590      1.81368411
      0.88890409      1.73762655
      1.04874384      1.65307140
      1.20031083      1.56246650
      1.34314263      1.46805453
      1.47697449      1.37177992
      1.60170913      1.27523911
      1.71738243      1.17966926
      1.82413054      1.08596289
      1.92215872      0.99470204
      2.01171422      0.90620071
      2.09306335      0.82055295
      2.16647220      0.73767722
      2.23219275      0.65735769
      2.29045177      0.57927960
      2.34144282      0.50305933
      2.38532114      0.42826918
      2.42220020      0.35445577
      2.45215034      0.28115430
      2.47519779      0.20790014
      2.49132562      0.13423792
      2.50047445      0.05972696
      2.50254416     -0.01605402
      2.49739599     -0.09350217
      2.48485541     -0.17298549
      2.46471453     -0.25483862
      2.43673563     -0.33935678
      2.40065575     -0.42678702
      2.35619092     -0.51731622
      2.30304289     -0.61105722
      2.24090743     -0.70802993
      2.16948366     -0.80813700
      2.08848619     -0.91113484
      1.99766099     -1.01660097
      1.89680362     -1.12389839
      1.78578115     -1.23213875
      1.66455770     -1.34015024
      1.53322196     -1.44645691
      1.39201617     -1.54927647
      1.24136424     -1.64654541
      1.08189559     -1.73598039
      0.91446120     -1.81518137
      0.74013829     -1.88177466
      0.56021988     -1.93358743
      0.37618691     -1.96883404
      0.18966335     -1.98629010
      0.00235683     -1.98542285
     -0.18401028     -1.96645570
     -0.36777201     -1.93035316
     -0.54738480     -1.87872708
     -0.72148162     -1.81368148
     -0.88890952     -1.73762357
     -1.04874897     -1.65306830
     -1.20031571     -1.56246352
     -1.34314716     -1.46805167
     -1.47697878     -1.37177682
     -1.60171306     -1.27523613
     -1.71738601     -1.17966664
     -1.82413387     -1.08596063
     -1.92216194     -0.99469960
     -2.01171732     -0.90619844
     -2.09306622     -0.82055110
     -2.16647482     -0.73767573
     -2.23219514     -0.65735638
     -2.29045391     -0.57927817
     -2.34144473     -0.50305825
     -2.38532305     -0.42826843
     -2.42220211     -0.35445511
     -2.45215225     -0.28115344
     -2.47519970     -0.20789966
     -2.49132752     -0.13423777
     -2.50047612     -0.05972690
     -2.50254560      0.01605432
     -2.49739742      0.09350216
     -2.48485684      0.17298523
     -2.46471596      0.25483829
     -2.43673706      0.33935669
     -2.40065718      0.42678663
     -2.35619235      0.51731563
     -2.30304456      0.61105663
     -2.24090934      0.70802951
     -2.16948557      0.80813634
     -2.08848810      0.91113400
     -1.99766290      1.01660013
     -1.89680552      1.12389767
     -1.78578317      1.23213792
     -1.66455984      1.34014928
     -1.53322411      1.44645596
     -1.39201844      1.54927576
     -1.24136662      1.64654469
     -1.08189797      1.73597980
     -0.91446364      1.81518090
     -0.74014080      1.88177443
     -0.56022239      1.93358731
     -0.37618941      1.96883416
     -0.18966584      1.98629045
     -0.00235927      1.98542333
      0.18400790      1.96645641
      0.36776972      1.93035412
      0.54738265      1.87872815
      0.72147959      1.81368256
      0.88890761      1.73762476
      1.04874718      1.65306962
      1.20031404      1.56246471
      1.34314561      1.46805263
      1.47697735      1.37177789
      1.60171175      1.27523732
      1.71738482      1.17966771
      1.82413268      1.08596134
      1.92216074      0.99470043
      2.01171613      0.90619934
      2.09306502      0.82055187
      2.16647363      0.73767608
      2.23219395      0.65735650
      2.29045272      0.57927835
      2.34144354      0.50305831
      2.38532186      0.42826861
      2.42220092      0.35445505
      2.45215106      0.28115344
      2.47519851      0.20789953
      2.49132633      0.13423775
      2.50047493      0.05972665
      2.50254440     -0.01605450
      2.49739623     -0.09350246
      2.48485565     -0.17298540
      2.46471477     -0.25483871
      2.43673587     -0.33935705
      2.40065575     -0.42678714
      2.35619092     -0.51731604
      2.30304313     -0.61105722
      2.24090767     -0.70803005
      2.16948390     -0.80813700
      2.08848643     -0.91113460
      1.99766123     -1.01660085
      1.89680386     -1.12389839
      1.78578138     -1.23213863
      1.66455793     -1.34014988
      1.53322220     -1.44645667
      1.39201641     -1.54927635
      1.24136448     -1.64654529
      1.08189583     -1.73598027
      0.91446143     -1.81518126
      0.74013859     -1.88177466
      0.56022018     -1.93358743
      0.37618721     -1.96883416
      0.18966365     -1.98629022
      0.00235713     -1.98542297
     -0.18400998     -1.96645594
     -0.36777174     -1.93035352
     -0.54738456     -1.87872732
     -0.72148138     -1.81368172
     -0.88890934     -1.73762381
     -1.04874885     -1.65306878
     -1.20031559     -1.56246376
     -1.34314704     -1.46805167
     -1.47697866     -1.37177694
     -1.60171294     -1.27523649
     -1.71738601     -1.17966676
     -1.82413387     -1.08596051
     -1.92216194     -0.99469966
     -2.01171732     -0.90619880
     -2.09306622     -0.82055128
     -2.16647482     -0.73767567
     -2.23219514     -0.65735614
     -2.29045391     -0.57927829
     -2.34144473     -0.50305849
     -2.38532305     -0.42826843
     -2.42220211     -0.35445490
     -2.45215225     -0.28115359
     -2.47519970     -0.20789990
     -2.49132752     -0.13423777
     -2.50047612     -0.05972669
     -2.50254560      0.01605415
     -2.49739742      0.09350190
     -2.48485684      0.17298518
     -2.46471596      0.25483847
     -2.43673706      0.33935654
     -2.40065718      0.42678642
     -2.35619235      0.51731563
     -2.30304456      0.61105680
     -2.24090934      0.70802939
     -2.16948557      0.80813617
     -2.08848810      0.91113400
     -1.99766290      1.01660025
     -1.89680552      1.12389767
     -1.78578317      1.23213780
     -1.66455984      1.34014928
     -1.53322411      1.44645607
     -1.39201832      1.54927564
     -1.24136651      1.64654458
     -1.08189785      1.73597968
     -0.91446352      1.81518090
     -0.74014068      1.88177443
     -0.56022227      1.93358731
     -0.37618929      1.96883416
     -0.18966572      1.98629034
     -0.00235915      1.98542321
      0.18400800      1.96645629
      0.36776978      1.93035388
      0.54738265      1.87872779
      0.72147954      1.81368232
      0.88890755      1.73762465
      1.04874718      1.65306938
      1.20031404      1.56246448
      1.34314561      1.46805263
      1.47697735      1.37177801
      1.60171175      1.27523720
      1.71738482      1.17966747
      1.82413268      1.08596134
      1.92216074      0.99470055
      2.01171613      0.90619928
      2.09306502      0.82055163
      2.16647363      0.73767614
      2.23219395      0.65735668
      2.29045272      0.57927835
      2.34144354      0.50305814
      2.38532186      0.42826822
      2.42220092      0.35445479
      2.45215106      0.28115332
      2.47519851      0.20789918
      2.49132633      0.13423720
      2.50047493      0.05972622
      2.50254440     -0.01605476
      2.49739623     -0.09350292
      2.48485565     -0.17298606
      2.46471477     -0.25483924
      2.43673587     -0.33935741
      2.40065575     -0.42678764
      2.35619068     -0.51731670
      2.30304265     -0.61105776
      2.24090719     -0.70803046
      2.16948342     -0.80813754
      2.08848596     -0.91113526
      1.99766064     -1.01660144
      1.89680314     -1.12389886
      1.78578067     -1.23213923
      1.66455722     -1.34015059
      1.53322136     -1.44645727
      1.39201558     -1.54927683
      1.24136364     -1.64654577
      1.08189487     -1.73598075
      0.91446042     -1.81518173
      0.74013752     -1.88177502
      0.56021911     -1.93358767
      0.37618613     -1.96883428
      0.18966256     -1.98629022
      0.00235604     -1.98542285
     -0.18401107     -1.96645570
     -0.36777282     -1.93035316
     -0.54738563     -1.87872696
     -0.72148246     -1.81368136
     -0.88891035     -1.73762333
     -1.04874980     -1.65306807
     -1.20031643     -1.56246316
     -1.34314787     -1.46805120
     -1.47697949     -1.37177634
     -1.60171378     -1.27523577
     -1.71738672     -1.17966616
     -1.82413459     -1.08596015
     -1.92216253     -0.99469912
     -2.01171780     -0.90619814
     -2.09306669     -0.82055074
     -2.16647530     -0.73767537
     -2.23219562     -0.65735567
     -2.29045439     -0.57927763
     -2.34144521     -0.50305772
     -2.38532329     -0.42826790
     -2.42220235     -0.35445479
     -2.45215249     -0.28115329
     -2.47519994     -0.20789942
     -2.49132776     -0.13423750
     -2.50047636     -0.05972682
     -2.50254583      0.01605423
     -2.49739766      0.09350216
     -2.48485708      0.17298526
     -2.46471620      0.25483817
     -2.43673730      0.33935642
     -2.40065742      0.42678645
     -2.35619259      0.51731551
     -2.30304480      0.61105633
     -2.24090958      0.70802909
     -2.16948581      0.80813599
     -2.08848834      0.91113371
     -1.99766326      1.01659977
     -1.89680588      1.12389731
     -1.78578353      1.23213756
     -1.66456020      1.34014893
     -1.53322458      1.44645560
     -1.39201891      1.54927528
     -1.24136710      1.64654434
     -1.08189857      1.73597944
     -0.91446424      1.81518066
     -0.74014139      1.88177419
     -0.56022304      1.93358719
